$GNTXT,01,01,00,msgpp: inv prt 1*04
$GNRMC,111810.55,A,4449.2109986,N,03734.0530305,E,0.040,,280522,,,R,V*07
$GNGGA,111810.55,4449.2109986,N,03734.0530305,E,4,12,0.52,129.492,M,23.460,M,11.1,0000*51
$GPGSV,3,1,11,05,21,044,44,10,19,195,44,13,09,070,34,15,18,1047$V14,,63721,
$G3,,8941,,6*$GLGSV,3,2,09,74,GNGST reading failed...
04,345,17,79,04,197,31,81,30,,5
$GLGSV,3,3,09,83,36,293,25,1*40$GLGSV,2,1,08,65,03,014,28,660,,5238$GG29980,,3630$GLGSV,1,1,02,68,01,166,,80,35,247,,0*7A
$GAGSV,3,1,12,02,50,273,46,04,21,092,9410,
$G,2840,,2932$GAGSV,3,3,12,25,38,200,46,30,16,322,40,32,,7
$GAGSV,3,1,12,02,50,273,44,04,20,,114E$G,2830,,2937$GAGSV,3,3,12,25,38,200,41,30,16,322,32,1,,1*$GBGSV,2,1,08,08,31,046,40,11,42,08,,5245$GBGSV,2,2,08,23,18,223,42,28,46,293,42,34,22,093,45,3,4$GBGSV,1,1,04,08,31,046,43,11,4GNGGA reading failed...
2,082,48,13,,,433$GNGST,111810.55,11,0.018,0.013,0.062,003@GE49$GNRMC,111811.55,A,4449.2109981,N,03734.0530327,E,0.007,,280522,,,R,V*02
$GNGGA,111811.55,4449.2109981,N,03734.0530327,E,4,12,0.52,129.495,M,23.460,M,2.1,0000*62
$GNGST,111811.55,11,0.019,0.013,180,0.010,0.010,0.014*76
GNGGA reading failed...
$GNTXT,01,01,00,msgpp: inv prt 1*04
$GNRMC,111812.60,A,4449.2109960,N,03734.0530250,E,0.007,,280522,,,R,V*09
$GNGGA,111812.60,4449.2109960,N,03734.0530250,E,4,12,0.52,129.461,M,23.460,M,3.1,0000*63
$GNGST,111812.60,11,0.015,0.0110007$GNTXT,01,01,00,msgpp: inv prt 1*04
GNGST reading failed...
